姓氏,总人数,男生,女生
董,19,8,11
张,1,0,1
华,1,1,0
姜,19,8,11
许,20,9,11
谭,17,12,5
崔,30,15,15
廖,20,11,9
范,36,17,19
方,18,8,10
宋,34,23,11
杜,36,19,17
钟,22,11,11
陆,17,6,11
程,20,6,14
石,18,6,12
傅,20,12,8
卢,18,5,13
冯,25,8,17
邓,38,25,13
梁,18,8,10
罗,24,11,13
唐,10,4,6
韩,22,9,13
汪,23,12,11
熊,16,7,9
金,21,8,13
姚,19,14,5
叶,15,4,11
